[gd_scene format=3 uid="uid://b4i6ss3oo5332"]

[node name="MiscPlatform" type="Node3D" unique_id=1178501671]

[node name="CSGBox3D" type="CSGBox3D" parent="." unique_id=1317819907]
transform = Transform3D(1, 0, 0, 0, 1, 0, 0, 0, 1, -24, -3.178955, -16)
use_collision = true
collision_layer = 32769
size = Vector3(20, 9.35791, 20)

[node name="sub" type="CSGBox3D" parent="CSGBox3D" unique_id=2137007804]
transform = Transform3D(1, 0, 0, 0, 1.0000001, 0, 0, 0, 1, -1.2943478, 4.4653854, 3.6262512)
operation = 2
use_collision = true
size = Vector3(13.289368, 1.9100342, 4.784851)

[node name="sub2" type="CSGBox3D" parent="CSGBox3D" unique_id=477894113]
transform = Transform3D(1, 0, 0, 0, 1.0000001, 0, 0, 0, 1, -1.2943478, 4.4653854, -5.373749)
operation = 2
use_collision = true
size = Vector3(13.289368, 1.9100342, 4.784851)

[node name="CSGBox3D9" type="CSGBox3D" parent="." unique_id=225336735]
transform = Transform3D(1.0417707, 0, 0, 0, 0.72576636, 0, 0, 0, 1.0581642, -25.239704, 1.2864306, -12.373749)
use_collision = true
collision_layer = 32769
size = Vector3(12.985168, 1.9100342, 4.784851)

[node name="sub" type="CSGBox3D" parent="CSGBox3D9" unique_id=2122038825]
transform = Transform3D(0.95990413, 0, 0, 0, 1.3778541, 0, 0, 0, 0.9450329, -0.05219078, 0, 0)
operation = 2
use_collision = true
size = Vector3(13.206146, 1.9100342, 4.784851)

[node name="CSGBox3D10" type="CSGBox3D" parent="." unique_id=209706564]
transform = Transform3D(1.0417707, 0, 0, 0, 0.72576636, 0, 0, 0, 1.0581642, -25.239704, 1.2864306, -21.364452)
use_collision = true
collision_layer = 32769
size = Vector3(12.985168, 1.9100342, 4.784851)

[node name="sub" type="CSGBox3D" parent="CSGBox3D10" unique_id=251440289]
transform = Transform3D(0.95990413, 0, 0, 0, 1.3778541, 0, 0, 0, 0.9450329, -0.05219078, 0, 0)
operation = 2
use_collision = true
size = Vector3(13.206146, 1.9100342, 4.784851)

[node name="CSGBox3D2" type="CSGBox3D" parent="." unique_id=1061067589]
transform = Transform3D(1, 0, 0, 0, 0.9659258, -0.25881904, 0, 0.25881904, 0.9659258, -17.078766, 0.5415752, -4.363054)
use_collision = true
collision_layer = 32769
size = Vector3(1.7183228, 1, 3.6582031)

[node name="CSGBox3D3" type="CSGBox3D" parent="." unique_id=1263613590]
transform = Transform3D(1, 0, 0, 0, 1, 0, 0, 0, 1, -21.250381, 1.1345215, -6.0203137)
use_collision = true
collision_layer = 32769
size = Vector3(6.626007, 1.269043, 0.21875)

[node name="CSGBox3D5" type="CSGBox3D" parent="." unique_id=260164433]
transform = Transform3D(1, 0, 0, 0, 1, 0, 0, 0, 1, -15.150625, 1.1345215, -6.0203137)
use_collision = true
collision_layer = 32769
size = Vector3(2.1180763, 1.269043, 0.21875)

[node name="CSGBox3D6" type="CSGBox3D" parent="." unique_id=980180]
transform = Transform3D(-4.371139e-08, 0, -1, -0.26749068, 0.96356046, 1.16923875e-08, 0.96356046, 0.26749068, -4.211856e-08, -16.087038, 0.8651172, -5.0747786)
use_collision = true
collision_layer = 32769
size = Vector3(2.1180763, 1.269043, 0.21875)

[node name="CSGBox3D7" type="CSGBox3D" parent="." unique_id=892297474]
transform = Transform3D(-4.371139e-08, 0, -1, -0.26749068, 0.96356046, 1.16923875e-08, 0.96356046, 0.26749068, -4.211856e-08, -18.061863, 0.8651172, -5.0747786)
use_collision = true
collision_layer = 32769
size = Vector3(2.1180763, 1.269043, 0.21875)

[node name="CSGBox3D4" type="CSGBox3D" parent="." unique_id=1543761115]
transform = Transform3D(-4.371139e-08, 0, -1, 0, 1, 0, 1, 0, -4.371139e-08, -13.980946, 1.1345215, -14.977637)
use_collision = true
collision_layer = 32769
size = Vector3(18.132387, 1.269043, 0.21875)
